#0: Input
Gradient:
7.76315
WartoϾ:
0.841916
IloϾ Wag:
100
Wagi:
-0.202707 -0.513346 0.367364 0.0391939 0.361844 -0.384516 -1.21876 0.873846 -1.18402 0.613349 -1.38595 0.646284 1.09757 0.928774 0.0905177 0.500863 0.677499 0.299584 -0.233994 -1.0873 -0.997649 -0.0790862 -0.746722 0.397445 -0.508047 0.265282 -0.945321 0.388463 0.498972 0.58255 -0.921476 -0.54677 -0.706893 -0.53688 0.887955 -0.0853236 0.236818 -0.784897 0.849163 -0.0831558 0.637204 0.268498 0.171252 -0.663158 0.637837 -0.743094 0.897433 0.900569 -1.28255 0.149724 -0.28782 -0.871944 0.20027 0.899307 -0.32142 -1.68116 0.397165 -0.458572 0.119979 1.11713 0.0871306 0.175272 0.500018 -0.647357 0.309037 0.0412949 -0.287027 -0.450587 0.58082 0.241512 -0.633298 -0.165388 -1.10137 0.257485 0.790125 0.894573 0.713857 -1.24396 -0.00735828 -0.116317 -0.754871 0.177579 0.187062 -1.30462 0.361597 0.475375 0.641925 -0.816246 -0.453758 -0.924013 0.667862 0.875449 0.624915 0.889195 -0.299219 -0.648985 0.736652 0.155671 -0.449182 -0.16712 

#1: Input
Gradient:
-6.76693
WartoϾ:
0
IloϾ Wag:
100
Wagi:
-0.467394 -0.972733 -0.0891371 0.101277 0.910897 0.879799 0.61475 0.596869 -0.0649167 0.793383 0.641781 -0.360705 0.358253 0.553451 -0.406753 0.209402 0.621866 -0.659602 -0.24337 0.857552 -0.385583 0.214425 -0.366087 -0.313041 -0.337561 -0.573246 -0.202345 0.546155 0.937509 -0.474032 0.0703588 0.179141 0.0761597 0.0241307 -0.643515 0.733221 0.914605 0.712289 0.637296 0.897321 -0.815391 0.785668 -0.855519 0.272375 0.0226356 -0.527975 -0.665045 -0.357535 0.744464 0.920824 -0.510512 0.392281 -0.303413 -0.347488 -0.643456 -0.542268 0.87029 0.274647 -0.942473 0.693272 0.622584 0.734417 -0.395929 -0.15211 0.65721 0.652007 0.678082 -0.691837 0.295579 -0.721798 0.14619 0.00218283 0.432349 -0.451546 0.75768 -0.813178 -0.358552 0.414229 -0.897202 0.302456 -0.850077 -0.197322 -0.485933 0.908265 -0.895288 0.182909 0.552136 0.156536 0.890264 -0.101875 0.677902 -0.343122 -0.11856 -0.525702 0.147744 -0.00355831 -0.932187 0.186258 0.661157 0.0807646 

#2: Input
Gradient:
2.58458
WartoϾ:
0.945312
IloϾ Wag:
100
Wagi:
0.900801 0.368619 -0.528258 -0.259232 -0.770729 -0.147518 0.473437 0.0339699 0.383453 0.523515 -0.279258 0.512832 -0.929367 -0.0382359 -0.247837 0.0971661 -0.153266 -0.513494 0.785868 -0.440903 -0.247494 1.1996 -0.697661 -0.582229 -0.855977 0.989098 0.694812 -0.293658 0.589242 0.0489987 -0.10093 0.134494 -0.523122 -0.197525 -0.345331 1.06687 -0.105642 -0.870674 -0.73482 -1.00528 0.212914 -0.448416 -0.35746 -0.04339 -0.620987 0.912865 1.01658 0.326256 1.10074 0.356847 0.828627 0.189126 0.597388 -0.0500853 0.617012 0.735266 -0.830697 0.675133 -0.50897 0.0753479 0.697258 -0.950627 0.614943 0.439484 0.965736 -0.657698 0.0878081 -1.06925 0.37708 -0.294055 -0.801809 -0.490658 0.410233 1.06867 -0.37769 -0.74295 0.473559 -1.1719 0.594403 -0.632443 -1.56794 0.109529 -0.326392 1.4049 0.173194 -0.816417 -0.498299 0.247871 -1.41114 -0.999256 -0.600244 0.768245 -0.137151 -0.430707 0.67212 -0.397995 -0.354879 0.0369848 0.0854202 0.0682975 

#3: Input
Gradient:
-3.31337
WartoϾ:
-0.479087
IloϾ Wag:
100
Wagi:
-0.150427 -0.617553 1.32943 0.404629 -0.181005 1.20672 1.17467 0.339359 0.769103 0.774073 0.360944 0.069834 -0.735474 -0.209197 -0.136129 -0.278746 0.47728 0.185011 -1.0932 -0.0756371 0.26837 -0.50444 -1.45718 0.00438462 -0.683087 0.560731 0.753797 0.111994 0.731929 0.587849 -0.8884 -0.126192 -0.219168 1.55472 0.186633 -0.289476 -0.63542 -0.0928327 -0.65248 0.301608 -0.01761 -0.883863 0.049124 -1.34614 -0.424783 -0.628768 -0.597622 -0.395757 0.429497 1.15445 -0.797776 0.435914 0.851653 0.245888 -0.018794 0.803296 0.421199 -0.371527 -0.0496579 -0.766797 -0.70777 0.213652 -0.421043 1.06157 1.28028 -0.616096 -0.110487 0.375076 -1.11654 -0.584257 1.41769 0.523555 1.17721 -0.17596 -0.460819 -0.331421 0.22634 -0.635651 -0.260948 0.065066 0.14931 1.11087 0.670149 0.200982 -0.234698 0.637343 1.48261 0.698904 -0.14608 0.822452 0.568537 0.0100829 -0.939859 -0.291869 -0.0502661 -0.854851 -0.665688 -0.443159 -1.14613 0.960132 

#4: Input
Gradient:
6.45895
WartoϾ:
-0.445
IloϾ Wag:
100
Wagi:
0.335576 1.0967 0.789137 -0.268315 -0.330902 -0.784364 1.31022 0.0460565 -0.209548 0.289798 -0.559271 -0.937487 0.363895 0.705839 -0.197954 0.430985 0.53431 0.473787 -0.682024 -0.48138 0.297323 0.312044 -1.17453 -0.653909 0.707971 0.105954 0.947438 -0.111307 0.307523 0.463988 -0.782887 -1.00743 0.543147 -0.660912 0.303515 1.02787 0.721651 -0.490248 0.24935 -0.0531436 0.71331 -0.801398 0.723721 0.65174 0.449968 -0.162592 0.832282 -0.520161 0.716408 0.964402 0.392796 0.410992 -1.04941 0.0895029 -0.373751 0.149233 0.229576 0.0708111 0.700584 -0.820861 -0.446154 -0.91552 1.02713 -0.0415811 0.100837 -0.982194 -0.501723 0.687253 0.454295 0.499302 -0.448129 0.178582 0.839928 -0.188057 0.0182748 -0.660531 0.423521 1.04378 1.11893 -0.396605 -0.105723 -0.767466 0.269628 0.483989 1.16945 0.63422 0.947208 -1.37773 0.0118966 -0.679225 -0.766739 1.02693 0.419443 0.659953 -0.191762 -0.698863 0.620346 0.98505 1.00727 -3.00046e-007 

#5: Input
Gradient:
-6.27453
WartoϾ:
-0.351406
IloϾ Wag:
100
Wagi:
1.0755 -0.0733121 0.831451 0.819044 1.06233 -0.439855 -0.25596 0.00726836 0.0500639 0.762386 -0.691981 1.02221 -0.317407 -0.159849 0.749018 -0.257123 -0.320682 0.117322 -0.42313 0.870443 -0.019993 -0.227532 1.3082 0.1629 0.427966 0.244307 -0.0600083 -1.0188 0.234536 -0.377104 1.24011 0.824733 -0.840583 -0.654213 1.25301 -0.493992 0.208164 0.648665 0.274553 0.154878 0.129326 -0.730245 1.79937 0.678572 -0.727662 -0.637618 0.58052 -0.680954 0.751368 -0.0111725 1.22889 -0.413224 -0.05641 -0.0451072 1.61858 0.0712714 0.809006 0.84526 1.05214 0.944298 -0.215087 -0.531926 0.582008 -0.792603 -0.518823 -0.393199 -1.06644 -0.689409 0.53596 0.121632 -0.305202 1.85397 -0.181662 -0.955964 0.80493 1.24226 0.749942 -0.919411 -0.570083 -0.565111 0.197772 -0.359629 -0.405382 0.033288 -0.710169 -0.170227 0.107102 1.40105 1.1746 -0.626173 0.311703 -0.548788 1.05575 0.144089 -1.05884 -0.0379516 1.34243 1.18233 0.558567 -0.445392 

