#0: Input
Gradient:
20.6128
WartoϾ:
0.841916
IloϾ Wag:
100
Wagi:
0.397762 -0.396125 0.133344 -0.0644559 1.45329 -2.01138 -1.29976 0.170033 -0.896681 -1.1053 -0.0631074 0.334639 -1.04323 0.751968 -0.201963 1.91486 1.32649 -0.939789 -0.315187 -1.43108 0.9912 0.308529 0.381081 0.549025 0.851291 -0.0838904 0.810577 1.58922 -0.576055 -0.128378 0.669497 -0.527617 0.708181 0.280581 2.37376 -1.35831 1.22979 1.04886 2.33481 -0.282348 -2.72314 -1.85835 0.686821 -1.44421 -1.32716 -0.840105 0.899894 1.33268 -0.586469 0.928337 0.535418 0.636076 0.41649 -1.06753 -1.05862 1.53111 0.918651 -0.0344621 -0.296194 0.178438 -0.272664 -1.51802 -0.715325 -1.78121 -1.79289 -0.534224 -1.08612 -4.37415 -4.14025 -0.934406 0.847197 1.64603 0.268889 0.634929 0.804345 1.05711 -1.44873 1.33871 1.33559 1.82741 -1.42227 0.512021 -1.44515 -0.269078 0.00452238 2.16189 0.771354 0.115523 -0.651233 1.18193 0.515666 1.83072 0.773304 1.1103 -0.734835 1.09836 -0.0723554 1.01262 2.3638 -0.973675 

#1: Input
Gradient:
-12.1186
WartoϾ:
0
IloϾ Wag:
100
Wagi:
1.32281 -0.260009 0.734971 0.129549 0.235488 -1.70544 -0.772864 0.559757 -0.783458 -0.602816 -0.853912 1.0907 -1.68427 -1.14848 1.29364 -0.823919 -0.367417 0.997711 -0.521848 0.599355 0.7713 1.85372 -0.0239247 0.436609 -0.274744 -0.800865 0.740623 0.657274 2.21617 2.45632 0.508939 2.38278 0.733764 0.343377 -1.65117 1.3864 1.99374 -0.834699 2.21556 0.537519 -0.72743 -1.77627 3.63641 1.46758 -1.031 -0.232848 -0.671264 -0.221579 1.1377 3.42904 1.71556 -0.882801 1.82117 -2.78087 -0.893949 -3.29153 -2.25072 -1.5398 1.96813 -0.427235 -0.585783 1.12536 0.771063 3.25254 3.39891 -0.934639 -1.75365 -1.18213 2.989 0.578908 1.38719 1.5843 -0.55167 2.45944 -2.21252 0.0448876 1.18988 0.167739 -1.70504 0.0156467 1.82458 -0.210145 2.61347 3.17577 0.132249 -0.0139719 -1.63317 2.96968 -1.38532 -0.00512721 1.57873 -0.680711 1.13228 0.551314 -0.921983 -0.341151 -0.421226 1.49579 1.54894 0.826529 

#2: Input
Gradient:
-1.72161
WartoϾ:
0.291313
IloϾ Wag:
100
Wagi:
-0.662399 2.28736 -0.310959 -0.652074 -1.03987 -0.719895 -0.607276 0.436323 1.63521 2.57334 -0.010302 -0.338905 -1.22995 0.548123 1.67297 0.0803696 2.96402 -1.38737 -0.835002 -1.67085 0.0199855 -1.59341 -2.01945 -2.3924 -0.129861 0.0439236 -0.840025 -0.496997 -1.98045 0.020806 -0.76073 1.04059 -0.0611014 0.364044 0.845948 -0.465407 -0.0976132 -2.35381 -1.04963 4.24023 -0.445586 1.16872 1.06264 -0.433413 -0.0256904 -0.504117 0.415489 0.568607 -0.755881 -1.78769 -1.30492 -1.20633 -3.62879 -0.263705 -0.337015 -0.214162 -1.5804 -0.00845206 0.563915 0.24987 0.698559 2.22748 -1.0576 -0.112596 -2.21246 0.500628 -0.345575 -0.727292 1.38455 -0.685628 -0.361974 -0.0996914 -0.64715 0.668966 1.15229 -1.81692 0.587033 -0.866809 3.26533 -0.139655 -1.23969 -3.08423 0.659116 2.49664 -1.49064 -1.50183 1.96748 0.925442 -0.670961 0.793713 1.65502 -1.62879 -1.73887 -0.590286 -1.70222 -2.07748 0.649694 1.63436 1.58277 1.04732 

#3: Input
Gradient:
18.555
WartoϾ:
-0.479087
IloϾ Wag:
100
Wagi:
-0.981008 -0.252065 1.13411 -0.0592925 1.55807 -1.04931 -0.0270532 1.24779 -3.96518 -0.778198 -0.498356 2.3048 -0.483266 -0.992139 0.30099 -3.48835 0.0942847 1.62317 1.58146 -0.68443 3.01942 0.95035 -0.454221 -1.40861 0.784401 -0.713744 0.0518353 0.980803 1.37597 -3.06278 0.756458 1.85743 3.62983 -0.952707 -2.04946 0.269059 -0.0520061 1.37547 -0.854483 -0.953529 -1.91632 -0.350494 -0.629372 -0.728141 -0.912023 -0.69726 -0.849205 1.00211 -3.66264 -1.54885 -0.408847 -0.798971 0.939638 0.336618 -1.41297 2.79729 -1.77094 0.456337 0.693033 0.440268 -0.911036 2.69291 -0.884508 0.470586 -0.735415 -1.00009 -0.401927 -1.4112 3.14637 -1.65759 0.703072 1.90543 0.750656 -1.18654 -0.701052 0.865388 -1.06087 -0.53382 -1.81116 1.44387 -2.51433 -1.08456 -0.545953 2.03123 0.0346755 -1.43924 -0.857685 -1.10658 1.00091 0.906224 0.141704 -0.0420889 0.34255 -0.675737 -0.21976 -3.08898 0.824174 -2.3299 -0.318704 -2.04649 

#4: Input
Gradient:
-22.5559
WartoϾ:
-0.445
IloϾ Wag:
100
Wagi:
0.664511 0.311222 0.326151 -2.15057 0.119181 -1.94802 -1.97178 -0.71993 -0.358024 -3.71507 0.606449 -1.57772 1.42096 -1.67226 -1.77754 2.51465 -0.547552 -1.48196 1.9235 0.461566 -0.473535 0.310028 -1.61585 -1.21004 -0.467146 -1.11919 1.39454 -1.62514 1.14404 -1.33738 -1.40607 0.101594 0.0339621 -0.449662 1.33659 -1.01238 0.46032 -0.7166 1.13532 -0.329865 1.26375 -0.453698 -1.29666 1.80708 0.148716 -0.512013 -1.98553 0.091689 -0.609576 -0.131262 1.49508 1.1617 0.0434345 -2.43206 -0.776811 -3.45914 0.636299 -0.386224 0.294381 0.881606 3.37555 -0.627311 1.54901 0.462362 1.98811 -0.0688876 3.94872 0.739817 -1.00708 -0.842634 -1.61662 -0.998908 1.44507 0.126481 -0.53197 0.144284 -0.213142 -2.78694 1.19414 1.46956 0.0761533 -2.8673 -0.426625 -2.83167 2.73192 0.601939 0.420719 2.97651 -0.824855 -0.42253 0.917718 -0.756086 1.53568 1.38974 -0.533879 -0.576171 2.71939 -1.30593 0.0141464 1.07522 

#5: Input
Gradient:
-34.2763
WartoϾ:
-0.49109
IloϾ Wag:
100
Wagi:
1.88672 1.9209 2.09271 -0.159022 -2.27848 -3.09899 -0.591241 -2.20121 1.93388 -0.035034 -1.19712 0.700985 -2.11581 2.13444 0.73556 -0.475819 1.83059 -0.654885 -0.253358 -0.169876 -0.422829 1.55358 0.0450191 1.21236 -1.80768 2.65863 0.752049 -1.50025 3.4075 0.362291 -0.785238 1.32593 -1.32873 -2.74892 -0.577935 -0.438385 -1.37572 -0.001277 -0.689949 -1.64231 -0.344594 0.427309 -0.0526518 -2.04526 -2.19377 1.75798 1.05681 -0.263234 0.741549 -1.03521 -2.78022 2.26816 1.64032 3.18586 -2.75661 2.23347 0.429088 0.0780177 -1.61395 -1.51556 0.602356 -0.945253 1.20283 1.70542 0.334835 -2.25523 0.840245 1.38108 0.807754 -1.46224 -1.31085 -0.747322 -0.99671 0.757359 0.259968 -1.50384 -1.95702 -0.272644 -1.99353 2.03659 -3.44221 2.72013 0.525543 0.0405401 -1.36072 -0.601999 0.899978 -0.643294 0.948999 -1.79167 -0.567602 -1.57061 -1.77653 0.528898 -0.802893 2.19061 -0.0104135 1.53378 -0.956641 0.47186 

