#0: Input
Gradient:
0
WartoϾ:
0
IloϾ Wag:
100
Wagi:
0.491676 -0.491124 -0.0847142 -0.19828 1.52733 -2.14714 -1.4925 0.240893 -1.03274 -1.35454 0.0321607 0.140187 -1.13793 0.634205 -0.269739 2.12216 1.16464 -0.915273 -0.313819 -1.50376 0.976099 0.253479 0.382247 0.467896 0.955538 -0.252935 0.81473 1.7977 -0.682169 -0.306576 0.74083 -0.867122 0.639519 0.248662 2.45422 -1.61148 1.42012 1.23747 2.56139 -0.386006 -2.93696 -2.17062 0.710723 -1.59534 -1.40331 -1.09659 0.873542 1.53178 -0.684456 0.862415 0.776393 0.531464 0.47455 -1.31158 -1.17845 1.5585 0.961511 -0.281823 -0.401548 0.192501 -0.379197 -1.52538 -0.974684 -2.03438 -1.98794 -0.53107 -1.07182 -4.60203 -4.39423 -0.995135 0.982952 1.85444 0.339567 0.520697 0.804639 1.23674 -1.62152 1.466 1.32359 1.81072 -1.48822 0.543067 -1.43207 -0.355696 -0.0436314 2.41787 0.582813 0.0525378 -0.755475 1.3063 0.447104 2.05113 0.907845 0.962518 -0.880686 0.939147 -0.107485 0.923395 2.58558 -1.24864 

#1: Input
Gradient:
0
WartoϾ:
0
IloϾ Wag:
100
Wagi:
1.32286 -0.260017 0.734994 0.129553 0.235496 -1.7055 -0.772888 0.559775 -0.783483 -0.602835 -0.853939 1.09074 -1.68433 -1.14852 1.29368 -0.823945 -0.367429 0.997742 -0.521864 0.599374 0.771324 1.85377 -0.0239255 0.436623 -0.274753 -0.800891 0.740646 0.657295 2.21624 2.45639 0.508955 2.38285 0.733787 0.343388 -1.65122 1.38644 1.9938 -0.834726 2.21563 0.537536 -0.727453 -1.77632 3.63652 1.46763 -1.03104 -0.232855 -0.671286 -0.221586 1.13774 3.42915 1.71562 -0.882829 1.82123 -2.78096 -0.893977 -3.29164 -2.25079 -1.53984 1.96819 -0.427248 -0.585801 1.12539 0.771087 3.25264 3.39902 -0.934669 -1.75371 -1.18217 2.98909 0.578927 1.38723 1.58435 -0.551688 2.45951 -2.21259 0.044889 1.18992 0.167744 -1.7051 0.0156472 1.82464 -0.210152 2.61356 3.17587 0.132254 -0.0139723 -1.63322 2.96978 -1.38537 -0.00512737 1.57878 -0.680733 1.13232 0.551332 -0.922012 -0.341162 -0.421239 1.49583 1.54899 0.826555 

#2: Input
Gradient:
0
WartoϾ:
0
IloϾ Wag:
100
Wagi:
-0.598206 2.33695 -0.314 -0.558759 -1.08319 -0.557962 -0.400726 0.448533 1.79304 2.8249 0.0931638 -0.262785 -1.34974 0.668968 1.87958 0.152387 3.17732 -1.57404 -0.852494 -1.69754 0.0468544 -1.6634 -2.06524 -2.45465 -0.122614 0.206148 -0.811875 -0.567401 -1.91559 0.149113 -0.837271 1.16854 -0.0380851 0.54002 0.866697 -0.291356 -0.184785 -2.47895 -1.1271 4.48066 -0.314816 1.21879 1.14446 -0.355949 -0.0695883 -0.328294 0.512801 0.56224 -0.608863 -1.75719 -1.42088 -1.22164 -3.79733 -0.153981 -0.304823 -0.251432 -1.71219 0.0470838 0.698627 0.251952 0.738116 2.21362 -0.966775 -0.0654375 -2.27617 0.502789 -0.214237 -0.506986 1.50539 -0.776834 -0.335533 -0.115423 -0.691455 0.815442 1.30078 -1.98068 0.68763 -0.932434 3.31029 -0.138166 -1.21428 -3.16715 0.630766 2.70309 -1.57599 -1.5836 2.19144 1.07399 -0.686215 0.801181 1.83344 -1.75905 -1.83379 -0.529135 -1.82608 -2.16567 0.727684 1.8283 1.62965 1.14248 

#3: Input
Gradient:
0
WartoϾ:
0
IloϾ Wag:
100
Wagi:
-0.941435 -0.303605 1.1845 -0.233495 1.48083 -1.26656 -0.20663 1.25743 -4.18406 -0.812211 -0.70495 2.3808 -0.468535 -1.00517 0.191394 -3.64082 -0.0410439 1.57268 1.62592 -0.738912 2.97164 0.925702 -0.547628 -1.50926 0.733494 -0.798341 0.105256 0.930468 1.46615 -3.4214 0.736463 1.91984 3.63538 -1.22807 -2.14144 0.238077 -0.067815 1.36045 -0.825597 -1.04096 -2.06797 -0.401783 -0.775701 -0.774243 -1.13589 -0.873301 -1.05913 1.02465 -3.97942 -1.42707 -0.394946 -0.756876 0.957832 0.285502 -1.69572 2.75234 -1.96582 0.590303 0.698014 0.386553 -0.902609 2.62061 -0.86586 0.529562 -0.667036 -1.08718 -0.32006 -1.50772 3.16462 -1.81106 0.623131 1.87261 0.782824 -1.41199 -0.86582 0.845607 -1.25747 -0.675411 -2.00029 1.45365 -2.67045 -1.20559 -0.59754 2.00891 0.0935587 -1.59692 -0.882827 -1.12639 1.09958 0.887602 0.113444 -0.0484992 0.409056 -0.709821 -0.306964 -3.22023 0.931999 -2.60526 -0.457763 -2.17986 

#4: Input
Gradient:
0
WartoϾ:
0
IloϾ Wag:
100
Wagi:
0.557059 0.164098 0.497976 -2.54869 0.17523 -2.2728 -2.37877 -0.836317 -0.59496 -3.962 0.579685 -1.57376 1.5605 -1.79343 -1.95171 2.31463 -0.562726 -1.46907 2.00463 0.558922 -0.438957 0.371285 -1.81568 -1.27069 -0.658606 -1.25895 1.53451 -1.7775 1.1887 -1.61107 -1.52691 0.0768987 0.00774073 -0.708565 1.3842 -1.22207 0.473309 -0.752844 1.19207 -0.388949 1.19229 -0.42941 -1.56915 1.81515 0.210983 -0.610768 -2.29724 0.118746 -0.791164 -0.0447916 1.60788 1.30459 0.0717196 -2.48271 -0.900336 -3.56876 0.648547 -0.444338 0.25607 0.957432 3.36526 -0.76858 1.55084 0.509829 2.0989 -0.0955887 3.8801 0.719212 -0.981987 -0.924874 -1.79667 -1.13288 1.50604 -0.0210744 -0.701699 0.134929 -0.237004 -3.04778 1.22015 1.45213 -0.0838018 -3.0284 -0.48424 -3.00298 2.91363 0.539645 0.411132 2.96297 -0.758831 -0.494217 0.998472 -0.838054 1.51374 1.32961 -0.657981 -0.550518 2.73626 -1.45471 0.0322141 1.118 

#5: Input
Gradient:
0
WartoϾ:
0
IloϾ Wag:
100
Wagi:
1.81545 1.85805 2.16075 -0.192482 -2.41474 -3.27714 -0.557506 -2.47223 1.92707 0.0852918 -1.49636 0.888926 -2.17257 2.23427 0.697922 -0.705144 1.88566 -0.635515 -0.268683 -0.0921332 -0.408081 1.55018 0.0160194 1.27197 -2.07579 2.71695 0.765652 -1.79819 3.4074 0.429064 -0.941577 1.37987 -1.351 -3.0894 -0.694576 -0.406434 -1.62951 -0.156625 -0.885645 -1.66352 -0.311603 0.623818 -0.151352 -2.06527 -2.35628 1.7487 1.0351 -0.502083 0.754706 -0.915262 -3.03975 2.36558 1.59706 3.27931 -2.92742 2.20957 0.437875 0.195069 -1.7621 -1.79034 0.591866 -0.975242 1.34393 1.83561 0.483326 -2.35289 0.790693 1.38868 0.935548 -1.56152 -1.58099 -1.00069 -1.07026 0.802667 0.260439 -1.78286 -2.00205 -0.52314 -2.09137 2.0282 -3.57004 2.67771 0.514199 0.0862354 -1.31514 -0.899607 0.959068 -0.5926 1.12196 -2.02665 -0.632347 -1.88381 -1.96978 0.532388 -0.745108 2.41167 0.0108105 1.53131 -1.23197 0.598205 

