#0: Input
Gradient:
0.0158329
WartoϾ:
-1.3627
IloϾ Wag:
100
Wagi:
0.18629 -0.220216 0.0648074 -0.0354191 0.724947 -1.04659 -0.660448 0.0776452 -0.439035 -0.625885 0.0103473 0.144291 -0.537376 0.351956 -0.0535983 1.0391 0.686633 -0.462642 -0.140001 -0.700164 0.500689 0.162148 0.18859 0.244697 0.433324 0.00749586 0.425329 0.809977 -0.240392 -0.0667491 0.349192 -0.295878 0.33768 0.136941 1.1945 -0.667539 0.635939 0.589252 1.22183 -0.132646 -1.35913 -0.991217 0.355998 -0.743113 -0.640386 -0.379812 0.472938 0.68108 -0.282531 0.466075 0.322175 0.310146 0.272748 -0.530421 -0.556958 0.790731 0.474807 -0.0128629 -0.156315 0.0596323 -0.122516 -0.74344 -0.373747 -0.912385 -0.922956 -0.261247 -0.540644 -2.21514 -2.10165 -0.476561 0.417706 0.850674 0.155883 0.325067 0.430702 0.532359 -0.752811 0.704562 0.705721 0.951332 -0.746138 0.312119 -0.750287 -0.0867729 -0.00597072 1.1354 0.374802 0.0666897 -0.245077 0.603869 0.257482 0.930105 0.400714 0.518601 -0.400633 0.540492 0.0161894 0.518277 1.21849 -0.538042 

#1: Input
Gradient:
-0.0209372
WartoϾ:
0.255781
IloϾ Wag:
100
Wagi:
0.675927 -0.136843 0.381294 0.0681659 0.114326 -0.87566 -0.394415 0.294466 -0.399504 -0.312618 -0.431138 0.564701 -0.87275 -0.593644 0.663035 -0.417977 -0.189461 0.505242 -0.269986 0.312544 0.397449 0.950401 -0.0220044 0.227115 -0.14578 -0.405145 0.379879 0.34024 1.16257 1.25583 0.26153 1.21899 0.378378 0.171336 -0.849563 0.712601 1.02614 -0.432349 1.13397 0.272224 -0.369387 -0.920948 1.88055 0.75496 -0.530265 -0.120629 -0.351056 -0.114842 0.5924 1.77232 0.877852 -0.451898 0.939249 -1.43193 -0.467405 -1.69654 -1.15721 -0.80023 1.01909 -0.215084 -0.302504 0.579043 0.395314 1.67105 1.73963 -0.479617 -0.903159 -0.619874 1.53792 0.295773 0.714336 0.807548 -0.277854 1.26343 -1.1347 0.0308102 0.622719 0.0874334 -0.874029 0.0100142 0.95787 -0.106593 1.33946 1.62581 0.070525 -0.0071503 -0.843892 1.52518 -0.706763 -0.00024932 0.820785 -0.357336 0.58906 0.280065 -0.480615 -0.177261 -0.215059 0.772793 0.794919 0.42906 

#2: Input
Gradient:
-0.0256638
WartoϾ:
-0.330112
IloϾ Wag:
100
Wagi:
-0.308526 1.14138 -0.189363 -0.321602 -0.529272 -0.318612 -0.261806 0.216908 0.850003 1.34893 0.0197737 -0.147416 -0.621842 0.304011 0.857682 0.0812182 1.48335 -0.745109 -0.415502 -0.825717 0.0317822 -0.823519 -1.01416 -1.21133 -0.0683381 0.0418098 -0.403339 -0.256051 -0.985627 0.0148722 -0.400409 0.49443 -0.0409665 0.212342 0.425464 -0.206881 -0.0401784 -1.20402 -0.533804 2.20064 -0.234472 0.557307 0.516552 -0.202567 -0.0806107 -0.240587 0.20955 0.296936 -0.358424 -0.943668 -0.66754 -0.589394 -1.8614 -0.149829 -0.182945 -0.124596 -0.803515 -0.0192451 0.283446 0.0913923 0.321316 1.09514 -0.491101 -0.0607421 -1.12176 0.223695 -0.115436 -0.342175 0.723313 -0.393404 -0.161756 -0.0212037 -0.329279 0.314093 0.568137 -0.934019 0.283753 -0.446321 1.59107 -0.0724747 -0.631189 -1.5652 0.268731 1.27667 -0.734332 -0.763728 1.0133 0.517523 -0.360752 0.361087 0.813494 -0.821749 -0.857579 -0.312594 -0.886735 -1.05492 0.341626 0.837691 0.803985 0.476854 

#3: Input
Gradient:
0.0879286
WartoϾ:
2.01738
IloϾ Wag:
100
Wagi:
-0.503605 -0.149491 0.555559 -0.0529259 0.74043 -0.531425 -0.0125869 0.648135 -2.04913 -0.357502 -0.239521 1.14138 -0.244053 -0.480983 0.146196 -1.79651 0.0218749 0.797708 0.809263 -0.352988 1.52657 0.473053 -0.251753 -0.716959 0.394095 -0.380951 0.0324948 0.472499 0.723137 -1.57672 0.410063 0.936455 1.84176 -0.497401 -1.04984 0.147855 -0.0554835 0.681807 -0.444099 -0.494959 -0.984084 -0.192715 -0.30049 -0.389958 -0.479568 -0.37518 -0.455798 0.488061 -1.88914 -0.787303 -0.186343 -0.422985 0.456532 0.157939 -0.735979 1.3994 -0.918794 0.241992 0.350358 0.196172 -0.456806 1.35988 -0.463785 0.250224 -0.362652 -0.511784 -0.19067 -0.757431 1.58775 -0.851867 0.321137 0.927009 0.383111 -0.591984 -0.360833 0.425106 -0.542611 -0.249109 -0.941108 0.72453 -1.27536 -0.56951 -0.280352 1.02925 0.0205856 -0.736806 -0.415938 -0.560305 0.520128 0.455848 0.0491569 -0.0262037 0.206787 -0.359039 -0.119843 -1.56815 0.428289 -1.20362 -0.150345 -1.06135 

#4: Input
Gradient:
0.0217817
WartoϾ:
3.59375
IloϾ Wag:
100
Wagi:
0.331503 0.0654155 0.183675 -1.10225 0.0655513 -1.00124 -1.02307 -0.372052 -0.246679 -1.90786 0.305566 -0.809398 0.762336 -0.856995 -0.909179 1.19941 -0.285915 -0.740889 0.972744 0.278195 -0.225431 0.152886 -0.859894 -0.616862 -0.274211 -0.605893 0.727264 -0.845311 0.564586 -0.681035 -0.71372 0.00602745 -0.00178986 -0.236978 0.689954 -0.527043 0.20521 -0.390858 0.57755 -0.167767 0.584356 -0.21142 -0.68194 0.897166 0.120873 -0.278827 -1.03346 0.046046 -0.320129 -0.0520806 0.800205 0.626242 -0.00138646 -1.2224 -0.366367 -1.80692 0.324849 -0.185939 0.121831 0.461457 1.68716 -0.391272 0.738163 0.234496 1.02165 -0.0423004 1.94168 0.371139 -0.521388 -0.414406 -0.852219 -0.548383 0.741399 0.00778341 -0.282414 0.0639936 -0.066422 -1.42956 0.622142 0.71776 0.00182566 -1.48616 -0.234916 -1.43171 1.42349 0.269143 0.201479 1.50664 -0.392829 -0.211449 0.478852 -0.400504 0.755758 0.698858 -0.298497 -0.260161 1.32911 -0.65331 0.014569 0.541785 

#5: Input
Gradient:
-0.0916616
WartoϾ:
-0.177068
IloϾ Wag:
100
Wagi:
0.98591 0.947039 1.02542 -0.0972923 -1.1724 -1.59965 -0.295755 -1.12407 0.958748 0.0312512 -0.604695 0.400282 -1.05662 1.12555 0.325311 -0.308004 0.924647 -0.312774 -0.160943 -0.078065 -0.213498 0.762606 0.0353983 0.645613 -0.941665 1.32239 0.363277 -0.760793 1.67706 0.189972 -0.401445 0.618081 -0.683153 -1.41335 -0.263827 -0.268829 -0.711959 -0.018171 -0.366065 -0.874272 -0.229284 0.27479 -0.0320135 -1.05361 -1.13098 0.818159 0.528061 -0.120734 0.375682 -0.531152 -1.42031 1.16856 0.791516 1.61882 -1.40602 1.15695 0.236004 0.0250303 -0.815626 -0.777627 0.270978 -0.504418 0.61063 0.886901 0.170576 -1.16322 0.397271 0.656474 0.393908 -0.750794 -0.682427 -0.401193 -0.538113 0.390079 0.146447 -0.776744 -0.987299 -0.143083 -1.00738 1.02525 -1.76566 1.34146 0.297491 0.00343083 -0.687528 -0.32353 0.44718 -0.319935 0.505406 -0.90575 -0.309073 -0.814371 -0.917188 0.291292 -0.376663 1.19535 -0.047564 0.773974 -0.490938 0.265077 

#6: Input
Gradient:
0.0810558
WartoϾ:
-0.137722
IloϾ Wag:
100
Wagi:
0.372906 -1.0521 -1.12453 -0.0865687 -0.0267412 -0.141026 0.379894 1.10477 -0.906235 0.56149 -0.161967 -0.319629 1.70047 -0.392871 0.946359 0.0805427 0.53639 0.64211 -0.426899 -0.816127 0.127583 0.620186 -0.611206 -0.194171 0.564822 -0.259328 0.732765 -0.395956 -0.908105 0.600118 1.2434 1.15969 -0.29712 1.06091 -1.43993 -0.0657613 -0.908652 -0.0429939 -0.921343 -0.205047 -0.997504 -1.36058 -0.152725 0.115964 0.0525555 0.243811 -0.143195 1.20126 1.02789 0.714839 0.153552 -0.316431 1.02774 0.990874 -0.373481 0.0149293 -0.282852 -0.136092 -0.868033 -0.839783 0.38785 1.62538 -1.85507 0.332042 0.59954 0.407362 0.593021 -0.690923 0.0831231 -0.021185 0.155037 1.20523 -0.829499 0.870558 -0.498968 0.225381 0.134661 -0.523047 1.09797 -0.177746 -0.482139 1.25881 -0.0943495 -0.177871 -0.873243 0.0718016 -0.650801 -0.703153 -2.02551 -0.56152 0.0760513 -0.79565 -0.0650052 -0.653132 0.00907989 0.357474 0.574451 -0.983281 -1.07803 -0.352556 

#7: Input
Gradient:
-0.0387905
WartoϾ:
-0.687612
IloϾ Wag:
100
Wagi:
1.44914 -0.203604 -0.0789376 -0.180334 1.14639 0.762232 1.41297 -0.0662742 -0.0313229 0.0541514 0.757078 -0.905244 0.358932 0.309215 -0.479661 -0.853548 1.06601 -0.193581 1.49391 0.0848322 0.544969 1.13441 -0.0301066 0.101341 0.470446 0.179267 -1.7161 -1.40816 -1.21482 -1.66813 -0.785628 -0.859973 0.491703 -0.485608 -0.132065 -1.18387 -0.96192 -0.0429784 1.14417 -0.483053 -0.107913 -1.08252 -0.859389 0.0969686 -0.638343 0.926427 0.542174 -1.10484 -0.992052 0.127858 0.5967 0.63485 -0.858638 -0.553291 -0.315888 0.505016 -0.0950905 0.109618 -1.16616 0.513181 0.0950774 0.544362 0.186665 0.41297 0.0237597 0.269047 -0.117811 0.662551 0.105727 0.344563 0.138473 0.409101 0.430176 0.911462 -0.986889 0.289074 0.96841 0.680336 -0.834347 -0.546596 0.197871 -0.701992 -0.0368863 0.321019 -1.70008 1.36587 0.906954 0.917423 0.722326 0.54737 -0.153932 -0.409623 0.449235 -0.797268 -1.41279 -1.12438 -0.899741 -0.574855 0.694506 -1.1382 

