#0: Input
Gradient:
1.68786
WartoϾ:
0.841916
IloϾ Wag:
100
Wagi:
-0.0581937 -0.627283 0.81625 -0.133783 2.02758 -1.75066 -1.16777 0.196534 -1.1398 -1.05236 -1.31482 0.213252 -1.2874 0.782856 0.0943882 1.86075 1.76621 -0.72489 -0.896826 -1.89029 0.750843 0.412226 0.339537 0.504539 1.28097 0.317614 0.969599 1.24553 -0.343757 0.0596443 1.17467 0.195553 0.617873 0.398011 2.21563 -1.98862 1.65751 1.27528 2.87813 -0.257841 -3.35728 -1.90404 0.594488 -2.24583 -1.45751 -0.842188 1.18227 2.11549 -0.563137 1.22681 0.720333 0.833593 0.25437 -0.819198 -1.20262 1.76632 1.10096 -0.373244 -0.739497 0.897459 -0.610775 -1.09176 -1.57812 -2.04195 -2.12699 -0.793399 -1.80707 -5.00078 -4.79884 -1.51521 0.826934 1.69685 0.322995 1.12692 1.00538 0.982433 -1.9374 1.32034 1.86749 2.38723 -1.98714 0.841773 -1.93496 -0.130536 -1.1215 2.10159 0.819195 0.319179 -0.375414 1.39848 0.91125 2.09687 0.951098 1.27051 -0.804868 1.0943 -0.514162 1.04613 2.70649 -1.70639 

#1: Input
Gradient:
-0.363326
WartoϾ:
0
IloϾ Wag:
100
Wagi:
1.32286 -0.260017 0.734994 0.129553 0.235496 -1.7055 -0.772888 0.559775 -0.783483 -0.602835 -0.853939 1.09074 -1.68433 -1.14852 1.29368 -0.823945 -0.367429 0.997742 -0.521864 0.599374 0.771324 1.85377 -0.0239255 0.436623 -0.274753 -0.800891 0.740646 0.657295 2.21624 2.45639 0.508955 2.38285 0.733787 0.343388 -1.65122 1.38644 1.9938 -0.834726 2.21563 0.537536 -0.727453 -1.77632 3.63652 1.46763 -1.03104 -0.232855 -0.671286 -0.221586 1.13774 3.42915 1.71562 -0.882829 1.82123 -2.78096 -0.893977 -3.29164 -2.25079 -1.53984 1.96819 -0.427248 -0.585801 1.12539 0.771087 3.25264 3.39902 -0.934669 -1.75371 -1.18217 2.98909 0.578927 1.38723 1.58435 -0.551688 2.45951 -2.21259 0.044889 1.18992 0.167744 -1.7051 0.0156472 1.82464 -0.210152 2.61356 3.17587 0.132254 -0.0139723 -1.63322 2.96978 -1.38537 -0.00512737 1.57878 -0.680733 1.13232 0.551332 -0.922012 -0.341162 -0.421239 1.49583 1.54899 0.826555 

#2: Input
Gradient:
0.466092
WartoϾ:
0.291313
IloϾ Wag:
100
Wagi:
-1.34679 2.81943 -0.274481 -0.748823 -1.02235 -0.667854 -0.801946 -0.0199381 1.59737 2.44334 -0.503261 0.189063 -1.83064 0.880191 1.70063 0.244763 3.41902 -1.3432 -1.09279 -2.07038 0.638507 -1.96829 -2.29616 -2.7871 -0.46181 -0.204003 0.274356 -0.975231 -2.49075 -0.340907 -0.98214 0.871513 0.0430373 0.454827 1.77217 -1.18596 0.317338 -2.09292 -0.964361 4.82751 -0.829605 1.31611 1.62715 -0.756922 0.107402 -1.26265 0.956724 0.781249 -1.2261 -1.93263 -1.37778 -1.6348 -4.02499 -0.866762 -0.714111 -0.345438 -2.06179 -0.271116 1.13235 1.15663 0.705104 2.51082 -1.02993 -0.371735 -3.12226 0.926138 -1.0597 -1.43931 1.04725 -0.790795 -0.172542 0.166358 -1.5572 0.727697 1.18058 -2.07211 0.351624 -0.951176 3.63724 -0.0329361 -1.59053 -3.10169 0.502387 2.61769 -1.89639 -1.62144 2.8713 1.20492 -0.637742 1.00722 1.97577 -1.92058 -2.20533 0.275126 -2.22981 -1.95728 0.514263 2.18591 2.60898 0.812192 

#3: Input
Gradient:
-0.617311
WartoϾ:
-0.479087
IloϾ Wag:
100
Wagi:
-0.846505 -0.530564 1.15949 0.0386787 1.5764 -0.934843 0.134858 1.66006 -3.86028 -1.25046 0.0298215 2.69914 -0.0388102 -1.30077 -0.253757 -4.04279 -0.132861 1.69154 1.51442 -0.352331 3.16955 0.696049 -0.353092 -1.7313 0.835353 -0.760895 -0.0904819 0.69983 1.57791 -3.20813 1.22868 1.67858 3.94388 -0.909969 -1.61754 0.494628 -0.00563327 1.60077 -0.36601 -1.58513 -1.39843 -0.220919 -0.863582 -0.485427 -0.62698 -0.75744 -0.727713 1.11074 -3.61115 -2.144 0.019996 -0.324263 0.94351 0.313934 -1.1809 2.81576 -2.21194 0.877103 0.727953 0.302843 -0.885058 3.33323 -0.698118 0.887999 -0.413933 -1.49161 -0.639658 -1.56046 3.34087 -1.96125 0.895804 2.26928 0.881838 -1.15674 -0.836144 1.2692 -0.94942 -0.454007 -1.63298 2.20782 -2.27961 -1.34601 -0.448277 2.41511 -0.246559 -1.66284 -0.944378 -1.47056 1.23969 0.589941 0.166787 0.311538 0.422947 -0.6425 -0.123687 -3.21542 0.813755 -2.5509 -0.113553 -2.35192 

#4: Input
Gradient:
-0.298063
WartoϾ:
-0.445
IloϾ Wag:
100
Wagi:
0.64212 0.23745 0.630583 -2.30381 0.533136 -2.32913 -1.80931 -0.63164 -1.51143 -4.10408 1.37243 -2.10107 1.99252 -2.14922 -2.46605 2.23467 -0.416647 -1.77821 2.14311 1.13666 -0.20972 0.58764 -2.5187 -1.67148 -0.732958 -1.43941 0.958047 -1.64633 1.29345 -1.67625 -1.57671 0.309902 0.11451 0.0660261 1.50313 0.459308 0.660857 -0.986209 1.31987 -0.320945 1.50729 -0.752512 -1.93757 1.82437 0.482557 -0.602016 -2.5877 0.506755 -0.378734 -0.814286 1.70865 1.3737 0.0718826 -2.8423 0.0719263 -4.20998 0.76293 -0.20677 0.0819838 0.837864 3.30329 -0.15141 1.61747 0.486471 2.30437 -0.724139 3.83869 1.12417 -0.436149 -0.651446 -1.77645 -1.07485 1.65902 0.347245 -0.957279 0.227106 0.44356 -2.74751 1.51558 1.34651 0.774008 -3.35631 -0.600668 -2.85475 3.17932 0.85448 0.627498 2.8346 -0.858498 -0.096326 1.06114 -0.723119 1.51019 1.38224 -0.846959 -0.589063 2.6818 -1.80923 0.722511 1.0054 

#5: Input
Gradient:
-0.341128
WartoϾ:
-0.49109
IloϾ Wag:
100
Wagi:
2.34117 1.46008 2.26094 -0.0421432 -2.30344 -3.86858 -0.515933 -2.83994 2.34241 0.213543 -0.197308 0.85187 -2.33813 2.24016 0.699078 -0.6043 2.02838 -0.650509 -0.354809 0.172827 -0.504037 1.86791 0.618154 1.70281 -2.34068 2.83595 0.766773 -1.54853 3.45768 0.684163 -0.823744 1.1181 -1.15817 -3.41708 -0.135639 -0.177716 -1.43923 0.242021 -0.83295 -1.87218 -0.367789 0.570143 0.529479 -2.69215 -2.24813 1.87114 0.979998 -0.313343 0.819939 -1.39077 -3.23765 2.54594 1.93203 3.28144 -2.90395 2.35446 0.794174 0.233434 -2.11511 -2.05821 0.302779 -1.22792 0.985787 1.59557 0.121499 -2.91124 0.573925 1.41169 0.796669 -1.109 -2.22946 -1.07067 -0.913958 1.01041 0.811271 -2.04971 -2.35349 0.28758 -2.4498 2.2508 -3.20833 3.13654 0.539644 -0.279771 -1.21518 -0.717308 0.994426 -1.2059 1.31865 -2.41307 -0.615277 -1.38686 -2.6068 0.598096 -1.05253 2.79926 -0.484723 1.56002 -1.60796 0.502239 

