#0: Input
Gradient:
-0.0225353
WartoϾ:
0.733837
IloϾ Wag:
100
Wagi:
0.000365318 -0.0120947 -0.00241789 0.00356273 -0.0278873 0.455463 -0.0325998 0.00707591 -0.000905735 -2.54849 -0.000113898 0.00429942 0.011701 -0.0148136 -0.0481128 -0.00611746 0.00136218 -0.00377116 -0.000869304 0.00831337 0.00235304 -0.00124334 0.00888138 -0.39669 0.408388 -1.95126 -0.00363283 0.0051639 0.595195 0.011124 0.00480448 0.00302445 0.0151261 1.5746 -0.00455662 0.362475 -0.000792744 0.00232544 0.0409692 -0.00108755 0.00265999 0.0102065 1.8487 -0.00171405 0.00336653 0.000347139 0.00116473 -0.0234168 0.00046303 -2.96427 -0.00923091 -0.000304077 -1.01134 -0.00174104 0.000944262 0.282115 0.722415 0.02113 -0.00683927 -0.0432999 0.211663 -0.0218162 -0.0052355 -0.00132682 0.308747 0.0030896 1.91995 0.0171101 0.690768 -3.97375 -0.087728 0.00135079 0.0177308 0.0022537 0.00686502 0.00336615 -0.00196252 0.00432414 -0.00788522 0.155275 0.000935605 -0.00286387 0.0166401 0.00605516 0.00482065 -1.22739 0.0165609 2.18495 -0.0139185 0.00310617 -0.0279176 0.00951556 -2.11225 2.59771e-005 0.00352675 0.000737785 0.0037068 -0.0357097 0.00688198 0.00254623 

#1: Input
Gradient:
-0.174811
WartoϾ:
0.731763
IloϾ Wag:
100
Wagi:
0.00135298 -0.00837724 0.00999873 -0.00744579 -0.0746841 0.294062 -0.0439663 -0.00377945 -0.00694757 -1.88549 -0.00199158 -0.00364462 -0.00107462 -1.15611 -0.351771 -0.00896182 -0.0368552 -0.00804017 0.000868141 -0.0263518 -0.00312599 -0.0002011 -0.0123307 -0.612913 -6.37663 2.37877 -0.00790677 -0.00399826 -0.669317 -0.00438928 -0.00252869 0.037351 4.15054 -2.55371 -0.00750543 0.41862 -0.000811432 -0.00371523 -0.00488954 0.0088728 0.000259684 -0.0160959 4.08252 -0.00694455 -0.00570216 0.000638007 -0.0007109 -0.018079 0.00119001 1.97166 0.0136079 0.000713598 -0.336433 0.000942976 0.000567838 0.40947 -2.20883 -0.12225 -0.00298378 -0.0589488 -0.176482 -0.0688416 0.000736792 -0.0111963 -0.265531 -0.00654906 -1.31648 -0.00347372 -1.85788 -0.769869 0.0327785 -0.00164913 0.00602974 -0.00479958 -0.0260267 0.000760237 -0.000728797 -0.0253642 -0.0872684 -2.04651 -0.000409036 -0.00798214 -0.00129632 -0.0152294 -0.0086342 2.92126 -0.00637199 5.86091 -0.00605547 -0.00210145 -0.0810117 0.0173797 4.41647 -0.000550681 -0.00781001 -0.00132167 -0.00383403 -0.0409261 -0.0565518 -4.38889e-005 

#2: Input
Gradient:
-0.0792205
WartoϾ:
-0.330112
IloϾ Wag:
100
Wagi:
-8.014e-005 0.00338585 0.00371708 0.000909291 0.080494 0.409645 0.010792 -0.000405647 -0.000802889 3.51785 -0.00859569 -0.00186544 -0.000415654 0.0584994 0.36031 0.00394611 0.7995 -0.00023687 0.00123014 0.00701419 -0.00252209 -0.000448631 -0.000467029 -0.355599 -1.89346 -0.51498 -0.00476565 -0.00380339 2.77783 2.11097e-005 -0.0109013 -0.0323631 2.17813 1.35435 0.00383838 0.384442 -0.00150324 0.000103336 0.325511 -0.0135788 -0.0130042 0.28485 2.04601 0.0126135 0.00350127 -0.00414044 -0.000262723 0.0421558 -0.00639618 -3.01216 0.000912276 0.000613101 -0.557201 -0.0057837 -0.00512307 -0.000647973 1.43957 0.00203468 -0.00154508 0.0465317 0.0430447 0.00832784 -0.00434724 0.00890908 0.010189 -0.0238867 1.01993 -0.0215276 -0.104117 2.80373 0.133935 -0.000454654 0.0923414 -0.0155789 -0.0147727 0.000227314 -0.00252426 0.207388 0.190227 -0.109926 -1.58413e-006 -0.00118491 0.0189304 0.0174834 0.000427278 -2.10862 -0.000442941 3.44991 -0.00477188 -0.00317113 0.0106718 0.00786141 -2.40606 -0.00524537 -0.00416678 -0.00156079 0.000395548 0.102707 1.65755 -0.00328717 

#3: Input
Gradient:
-0.0349215
WartoϾ:
-0.495693
IloϾ Wag:
100
Wagi:
-0.00135076 -0.0350792 -0.00733987 0.00108356 0.0411143 0.572561 0.0206862 0.0002419 -0.0138839 -0.827591 -0.00934528 0.000905595 -0.00856244 0.674131 0.230213 -0.000148288 0.052022 -0.0161098 0.00124605 -0.0345453 -0.00915056 0.0012778 0.000891127 0.634112 -1.70697 -1.96453 -0.0334676 -0.00482934 1.0318 -0.019583 0.00276003 -0.00883531 1.18979 1.80742 -0.00604227 0.508379 -0.00428667 -0.000307473 0.0895763 -0.0210689 -0.000250995 0.0444477 1.62034 -0.159678 -0.000862704 -0.0016959 0.000244583 0.0586089 -0.00120684 -0.765803 -0.0156481 0.00019533 1.16444 -0.00885365 -0.0026122 0.400236 0.514464 0.0319026 -0.00351752 0.0434024 -0.657939 -0.0448794 -0.00873855 -0.0503411 -0.326617 -0.00319374 0.827489 -0.0376565 0.584293 -7.5637 0.0576017 0.000620356 0.102111 -0.0322975 -0.0152359 -0.000375986 -0.0015869 0.154482 0.0529886 0.211775 0.000201488 -0.00749765 -0.0115554 -0.0236048 -0.00516453 -2.68083 0.00376571 -2.22868 -0.000803818 0.00140563 -0.0522237 4.61968e-005 -3.39383 0.00130068 -0.00892712 0.000404349 0.00513377 0.0407892 -0.00670317 -0.00685753 

#4: Input
Gradient:
0.00752491
WartoϾ:
-0.278261
IloϾ Wag:
100
Wagi:
-0.00929211 0.00552282 -0.0339557 -0.00274712 0.0156492 -0.342568 0.00799892 -0.006455 -0.00600357 0.0770298 0.000652513 -0.00429676 0.00236529 -0.0489493 0.05026 0.00909227 -0.0347456 9.97862e-005 -0.00567377 0.0075702 -0.000802611 -0.00796394 0.000288072 0.13824 2.3343 -2.49245 -0.00598657 -0.0051221 1.16482 0.00044102 -0.00134322 0.00317791 2.18272 1.57194 0.00668875 -0.531309 -0.00198255 -0.00592229 -0.0652712 0.00214964 0.0002261 0.357468 2.0192 0.019287 -0.0135507 -0.00242217 -0.00569489 -0.0672766 -0.0117767 0.159101 0.00303672 -0.00096098 -0.594111 0.000637741 -0.00543426 -0.20858 -0.195141 0.0340593 -0.0131401 -0.016703 -0.309433 0.0227999 -0.00304137 0.0182372 -0.283686 -0.0220219 3.45051 0.0062243 0.71092 -7.4622 0.0872707 -0.000341901 -0.132461 0.00309653 0.000257808 -0.00314482 -0.000841627 -0.0119637 -0.0267178 0.950551 -0.000347906 0.00369262 0.0173806 0.0103203 -0.00174182 4.64338 -0.002426 0.179864 -0.00973484 -0.00188201 -0.0259436 -0.00594862 -1.6962 -0.00497587 -0.000492538 -0.00426728 -0.000569922 -0.00305374 0.519625 -0.000743738 

#5: Input
Gradient:
0.117271
WartoϾ:
-0.177068
IloϾ Wag:
100
Wagi:
-4.69805e-005 -0.0155897 0.000977115 -0.00189524 -0.000819182 0.105853 -0.0180026 -0.00365528 -0.0124606 0.133873 0.00101382 -0.00364524 0.000806922 0.18394 -0.0204911 -0.00426864 0.114577 -0.0440081 -0.00103833 -0.0194612 -0.0061669 -0.00889624 0.000127173 0.0594785 -0.429227 4.44875 -0.00587322 0.000402979 3.35301 -5.18006e-005 -0.000782003 -0.078155 -1.07512 -0.500986 0.00650594 0.048256 -0.00123 -0.00564407 0.0865212 -0.00744542 -0.0015652 -0.0164265 -2.40128 0.000798524 -0.00372399 -0.00528098 -0.00637381 0.0411456 -0.000432227 4.96293 -0.158791 -0.00381332 0.140103 -0.000637278 -0.00151257 0.0464208 1.05301 0.0152174 -0.154272 -0.0196098 0.369652 -0.0223548 -0.00147779 -0.0106156 -0.743549 -0.0432575 -1.48397 0.00143295 -0.0888362 -7.7552 0.0467882 -0.00204286 0.0731448 0.00484393 -0.0300543 -0.00340951 -0.0025486 0.0309816 0.143778 -0.129192 -0.000790599 -0.0150097 -0.00913287 -0.00485796 -0.00783088 -0.32867 -0.0313656 -7.26765 -0.00401886 -0.000342506 0.0172037 -0.00073705 4.20654 -0.0166382 -0.000916809 -0.00057811 -0.0302605 0.0156903 0.0986274 -0.00212401 

#6: Input
Gradient:
0.119608
WartoϾ:
-0.137722
IloϾ Wag:
100
Wagi:
-2.93864e-005 0.00246123 -0.00627428 -0.00107416 0.0272677 0.255258 0.00750445 -0.00163421 -0.00533164 2.34981 -0.000342791 -0.00319015 -0.0101759 0.126835 0.115931 -0.0033118 -0.0262609 -0.00718073 -0.00591834 -0.0238906 -0.00224254 -0.00141629 -6.29131e-005 0.0883888 3.71344 0.479706 -0.000648412 -0.00453169 -2.82417 0.000228396 -0.00511677 0.000168036 -5.24362 8.35434 -0.00634484 0.226404 -0.000271092 -0.00394198 0.00246919 -0.00104533 -2.71136e-005 0.016693 -3.87824 -0.0104949 -0.00136476 -0.00499716 -0.0031943 -0.00201478 -0.00232244 2.0953 -0.00311799 -0.00131825 4.10003 -0.000769089 -0.00214849 0.0795774 1.11207 1.65922e-005 -0.000126487 0.00747697 0.289232 0.00784958 -0.00425828 -0.00821725 0.767103 -0.000514503 1.44394 -0.0034215 2.95657 -7.38704 0.146649 -0.00545385 -0.00568327 -0.00126775 0.0015901 -0.00168262 -0.00169481 -0.00185939 0.046396 1.8195 -0.00250655 0.00152135 0.00847037 -0.00327608 -0.0129469 -5.75892 -2.33096e-005 -0.587372 -0.000279933 -0.00143249 0.00414838 -0.00877338 1.65239 -0.00523558 -0.0073788 -0.000698661 -0.00293865 0.00514601 0.355973 -0.00236748 

#7: Input
Gradient:
-0.0963827
WartoϾ:
1.45431
IloϾ Wag:
100
Wagi:
-0.00745866 0.00254356 0.00328483 -0.00920839 -0.0562667 -0.852526 -0.00366799 -0.00672522 -0.00248843 -0.188207 -0.00740297 -0.00662372 -0.00416361 -0.22381 0.0732282 -0.0010013 -0.000461507 -0.0111441 -0.00318913 0.0240336 -0.000188498 -0.013853 0.00186299 0.491797 2.99199 -1.68132 -0.0145227 -0.00408373 -0.968464 -0.0115661 -0.00758074 -0.0411072 2.91125 -4.82787 -0.0126404 -0.777978 0.000238743 -0.0054236 0.0320683 -0.00816592 -0.00268964 0.0268181 3.91537 0.027059 -0.00460979 -0.00514877 -0.00400817 0.134067 -0.00366963 -4.70306 -0.0186798 2.5528e-005 -1.08294 -0.000663956 -0.00688519 -0.588533 -3.41683 -0.0261611 -0.00819534 0.0334475 -0.280687 0.00680863 -0.000542175 0.0174605 -0.272235 -0.00312295 0.492509 -0.00661287 -1.729 -10.1324 -0.0708247 -0.000480465 -0.0154122 -0.000729288 -0.00172249 -0.00662263 -0.00323358 -0.00585807 -0.00652134 0.538437 -0.00055601 -0.0031353 -0.0156114 -0.0272971 -0.0180558 5.01877 -0.0076091 -2.39431 -0.00185424 0.00216743 -0.0631178 -0.00943962 -2.97779 -0.00255545 -0.00178675 -9.70295e-005 0.000767491 -0.0365335 -0.00572194 -8.32719e-005 

