#0: Input
Gradient:
-0.0492644
WartoϾ:
0.841916
IloϾ Wag:
100
Wagi:
0.767596 0.384433 -1.03788 0.864183 0.256695 -0.421786 -0.173427 -0.384539 -0.416131 0.622613 -0.625388 0.591452 1.15339 -0.65529 0.796814 -0.507935 -1.03636 -1.2785 -0.0235737 -0.979433 -0.580375 0.295745 -0.957533 -0.57997 1.30354 -1.10845 1.52084 -0.0884354 -0.0522039 -0.69827 0.229075 1.22782 0.0216325 1.13843 0.0140561 -0.112563 -0.113714 -0.382975 -1.07866 -0.576276 0.996622 -1.2807 -0.815183 -0.00991437 1.31523 -0.742106 0.620602 -0.327343 1.05546 1.28259 -0.523022 -0.443745 0.634806 0.277077 0.180764 0.245061 0.149379 0.0294736 -0.540775 1.40448 -1.25755 0.646073 -0.0446992 -0.203517 0.021158 0.672919 -0.122769 -0.955063 -1.27906 -1.24365 -0.717865 0.702833 -0.756945 -0.81261 -0.702269 0.343234 -0.0725829 -0.572395 0.87631 -1.33083 -0.361095 0.145052 -0.770877 -0.475713 0.716988 -0.417673 0.0788065 -0.443413 -0.320881 0.919225 1.42645 1.14972 -0.766018 -0.109828 -1.20803 -0.48468 0.400002 0.267395 0.942093 -0.863552 

#1: Input
Gradient:
1.44485
WartoϾ:
0
IloϾ Wag:
100
Wagi:
-0.0216779 -0.0628209 0.0466747 -0.4898 -0.446145 -0.0870403 -0.790898 -0.432391 0.749575 0.415766 0.0393191 -0.856858 -0.068801 0.74515 -0.722306 -0.395912 -0.38473 -0.0490667 0.55277 0.468272 0.410803 -0.302922 -0.824386 0.195759 -0.130276 0.118316 -0.284982 0.535727 0.266025 0.241925 0.279061 -0.941118 0.870373 -0.146901 -0.0981633 0.554265 0.256576 0.659455 0.193606 0.567601 -0.117898 -0.286716 0.824386 -0.806327 -0.79329 0.38168 -0.8083 0.360391 -0.933703 0.509893 -0.27936 -0.151506 -0.353274 0.704784 0.0366281 -0.414511 -0.0231729 0.221892 0.60988 0.511388 0.961989 -0.132728 -0.766619 -0.204908 -0.718539 0.954274 -0.702691 -0.432331 -0.354291 0.130157 -0.900095 0.0442228 -0.575614 0.464624 0.956487 -0.125074 0.57406 -0.57382 -0.492312 0.113592 0.918334 -0.389275 -0.254423 -0.628897 0.112516 0.88957 0.645223 0.0576182 -0.219918 0.245752 0.798433 -0.436697 -0.159579 -0.883888 -0.832161 -0.00182393 -0.0918842 -0.561023 0.330729 0.544578 

#2: Input
Gradient:
5.11747
WartoϾ:
-1.3579
IloϾ Wag:
100
Wagi:
0.275343 -0.440659 -0.843257 0.274359 -0.974758 0.137137 0.468199 -0.584576 -0.152358 -0.311716 -0.644903 -0.801651 0.589708 -0.803705 1.23461 -1.04445 -1.52811 0.327288 0.859271 1.20406 1.20889 -1.21208 -1.51391 0.221815 0.799646 -0.955246 1.87642 -0.204844 1.48552 -0.585857 -1.46945 0.324404 -0.269289 1.51061 -1.03926 0.988608 0.386387 0.0401492 0.090394 0.0225712 0.811275 -0.677462 0.024088 -0.840948 -1.4591 -0.220025 0.640211 1.18353 0.74757 0.837065 -1.01069 0.0911614 -0.0984329 -0.025445 -0.176287 0.571371 -0.707006 0.270969 0.310706 1.41375 0.187699 -0.47369 -0.959187 -0.296748 -0.259186 1.14156 -0.784247 -0.925747 -0.262903 1.22248 0.956089 0.618276 -1.67624 -0.894639 0.554082 0.358166 0.779467 -0.322074 0.822433 -0.889666 1.15182 -0.0961783 -0.646123 -0.153855 -1.4889 -1.21604 -0.262976 0.0590311 0.701451 0.335706 1.18866 1.05408 -1.02367 1.06998 0.760486 0.796 0.123266 0.801603 -0.06229 -0.439879 

#3: Input
Gradient:
-13.4346
WartoϾ:
-0.479087
IloϾ Wag:
100
Wagi:
0.972604 -1.00407 1.04897 1.13473 -0.0942768 -0.425113 0.181255 -0.659025 -0.321278 -1.08282 0.396248 0.639015 -0.224087 -0.810436 -0.665948 0.324536 0.499183 1.22931 0.687194 -0.270671 0.523934 0.697493 1.25398 -0.23126 0.780948 -1.09487 -0.849075 -0.51707 1.65649 0.254041 0.49636 0.0542855 0.544442 -0.477259 0.119201 0.993107 0.534146 0.423356 0.22585 0.193032 -0.273207 0.883237 0.148347 -0.606123 0.00932012 0.29389 1.16614 0.434585 -0.532512 0.174299 0.400872 1.47302 0.927283 -0.0565231 -0.125935 0.0179137 0.750756 0.898755 0.0733168 -0.61855 0.5245 1.04606 0.673338 -0.907055 -0.0945161 0.339949 0.884242 -0.795523 -0.948148 0.485998 0.652152 -0.264763 1.13932 -0.868639 -0.302103 1.13985 -1.10951 -0.744691 0.911022 -1.13923 -0.475621 0.208602 -0.23839 -0.89325 0.552905 0.0714144 1.02824 0.864411 -1.09205 1.27709 0.038912 -0.161476 0.0934919 -0.024273 0.462004 -0.628858 0.790517 -0.362718 0.592642 1.07215 

#4: Input
Gradient:
4.95033
WartoϾ:
-0.445
IloϾ Wag:
100
Wagi:
-0.0698198 0.92419 -0.234267 -0.142804 -0.404518 -0.25236 0.401516 1.19331 -0.325972 -0.916808 1.18243 0.626975 -0.85713 -0.828658 -0.53563 0.319249 1.03497 0.818739 -1.068 0.480491 0.0714576 2.4431 -1.15894 0.160232 0.796517 1.05666 0.317603 -0.901117 1.30778 -0.510518 0.0590172 0.93735 0.446911 0.559129 -0.912319 -0.875101 -0.188119 0.260954 0.266191 0.104986 0.0479224 0.0599086 -0.806428 1.22573 0.224679 0.663866 -1.45451 -0.166758 0.0711354 0.370445 -0.284211 0.0607874 0.989088 -0.554045 -0.041699 -1.04719 -0.731625 0.409744 -0.585675 -0.668849 -0.0173254 1.44679 0.401137 0.356539 -0.122074 -0.627437 -1.05741 -0.718968 0.272187 -0.0276141 -0.816585 -0.0878545 -0.228682 0.219969 0.000897041 -1.15394 -0.888501 -0.202605 -0.271383 -1.10441 0.884303 -0.595993 0.142952 0.201409 0.281993 0.116749 -0.521655 0.535565 -0.130991 1.55124 0.210831 0.729452 -0.774147 -0.0800848 0.731151 -0.0768588 0.454252 -0.602761 -0.308086 -0.0833999 

#5: Input
Gradient:
-1.29038
WartoϾ:
-0.493507
IloϾ Wag:
100
Wagi:
-0.752439 1.0892 -0.397563 -0.410339 0.0455499 -1.24964 0.359739 -1.11283 0.758066 0.983226 -0.954133 -1.07494 -1.03284 0.714252 -0.759117 0.188813 -0.679844 -0.0940122 0.522598 0.281796 1.60152 -0.859871 0.946491 0.980585 -0.806148 0.967858 -0.736033 1.70289 -0.0841099 -0.202622 0.836977 -1.15708 0.523929 -0.985436 -0.869685 0.166708 -0.678648 0.633984 0.785729 1.11801 0.480197 -0.503501 -0.04219 -0.260101 -0.205615 0.141371 -0.855137 -0.721491 1.17759 1.31191 1.05165 0.634934 0.789157 0.896871 -0.110496 1.15196 -0.628888 0.334305 0.146235 -0.626689 0.44911 0.666634 0.574103 0.486608 0.0629171 0.269135 0.106171 0.00313963 -0.759871 0.308986 -0.0623039 0.644892 -1.0194 0.605516 0.358949 -0.0703468 0.537705 0.00289225 -1.15288 -0.0395852 0.0847449 -0.814868 0.860579 0.51167 1.21717 -0.203443 -0.406499 -0.39478 0.0246161 0.22612 -0.596892 -1.34081 0.862542 -0.220701 -0.352742 -0.139997 -0.363159 0.572504 -0.78318 0.738022 

