#0: Input
Gradient:
0
WartoϾ:
0
IloϾ Wag:
100
Wagi:
-0.967775 0.711935 -0.379067 0.131 0.221184 0.397127 -0.736454 -0.659546 0.00912008 -0.0153397 0.649858 -0.193734 0.878189 0.947083 -0.939189 -0.0674288 -0.976208 0.299946 0.59143 0.786929 0.793985 0.319143 0.103012 -0.0188681 -0.841649 -0.967297 -0.785673 0.651652 0.90229 -0.973038 0.70404 -0.897984 0.256229 0.579529 0.942478 -0.0851905 -0.547055 -0.97848 -0.970347 0.5397 -0.641545 -0.627372 -0.814199 0.0442249 -0.0802866 -0.434744 -0.403466 -0.490959 0.203363 0.371711 -0.871611 -0.236434 0.535633 -0.769884 -0.560093 -0.783281 0.435342 0.608235 0.589696 -0.561289 0.731191 0.0998425 -0.978241 -0.307123 -0.365371 0.369079 -0.253598 -0.169873 0.958027 0.459742 0.64627 0.58521 0.733703 0.907852 -0.0813631 -0.869817 -0.181594 -0.511054 0.261492 0.278596 0.900137 0.441262 0.064319 0.0440455 0.258083 0.238528 0.0820807 -0.821017 -0.678325 0.18901 0.175913 -0.5214 -0.653088 -0.863836 0.88106 -0.67689 0.337084 0.859889 0.0634818 0.0324436 

#1: Input
Gradient:
0
WartoϾ:
0
IloϾ Wag:
100
Wagi:
0.840513 -0.747637 -0.574745 0.313701 0.154922 -0.616488 -0.637838 0.174358 -0.427866 0.29564 0.853251 -0.581084 0.272616 -0.39617 0.724314 0.344799 0.382954 0.610029 0.923939 -0.244448 0.56392 -0.297494 0.518828 -0.497 -0.915327 -0.581682 0.843682 -0.879565 -0.529533 -0.536829 0.351736 -0.241398 -0.0800474 -0.690286 -0.196964 0.623246 -0.662716 -0.0578004 0.215144 -0.510456 0.934166 -0.825442 0.495923 0.0479926 -0.744886 -0.534497 0.699316 0.423202 0.168198 -0.858514 0.186199 0.895233 0.886203 -0.332061 0.550943 -0.715403 -0.843443 -0.119099 0.636283 0.273752 -0.162995 0.0202436 -0.624621 -0.71343 -0.187993 0.193974 -0.336367 0.513386 -0.187874 0.439229 -0.39641 0.308498 0.575223 0.724852 -0.400596 -0.534018 0.55794 0.223876 -0.113597 -0.881837 -0.33224 0.0798082 -0.664749 0.648363 0.748295 -0.804152 -0.488807 -0.36274 -0.429362 -0.970167 -0.647765 0.113837 0.135785 -0.915028 0.124063 -0.0644984 0.968852 -0.920889 0.136502 -0.954977 

#2: Input
Gradient:
0
WartoϾ:
0
IloϾ Wag:
100
Wagi:
0.967656 -0.719111 0.838778 -0.933627 -0.11874 -0.681255 -0.14021 0.913414 0.828731 0.668039 0.448678 0.228899 -0.268071 -0.595138 -0.836147 -0.913772 0.426312 -0.092367 0.863776 0.456213 -0.828492 0.821196 -0.669474 -0.047873 0.841888 -0.358673 0.0148014 0.146011 0.71935 0.54885 -0.282005 -0.740521 0.0485308 -0.656018 -0.300484 -0.881538 -0.925255 0.657693 0.339835 -0.146848 0.450771 0.138237 0.9359 0.757027 0.0473347 0.506209 -0.208925 0.260775 0.0125289 0.0565445 0.540597 0.718035 -0.440425 0.943794 0.277041 -0.798471 0.287028 -0.654523 0.690046 -0.599862 -0.851756 0.919813 0.150078 0.340134 -0.00523283 0.13716 0.109411 0.941701 -0.825681 0.216281 -0.571336 -0.351796 -0.376495 0.485517 0.2042 0.704938 -0.863059 0.466021 0.662477 0.446286 -0.584433 0.406576 0.658829 0.440425 -0.788125 0.536889 -0.735856 -0.70404 0.538563 0.324047 0.179142 0.180338 -0.904084 -0.000807352 0.541374 -0.428106 -0.35676 -0.239484 0.419255 0.175255 

#3: Input
Gradient:
0
WartoϾ:
0
IloϾ Wag:
100
Wagi:
0.0349553 0.878847 0.720726 -0.196605 0.322432 0.192837 -0.624561 -0.843443 0.239365 -0.143081 0.549926 -0.102055 0.31998 0.313462 -0.277639 0.682212 -0.638495 0.31089 0.529354 -0.229138 -0.439289 -0.624083 0.736933 0.131299 0.279613 -0.87478 -0.672942 0.1798 -0.39318 0.784835 -0.713789 -0.62181 0.348208 -0.777719 -0.701828 -0.115272 0.419853 0.253778 -0.122149 0.155879 -0.449456 0.782563 -0.488687 0.891525 0.307362 -0.316273 0.460579 -0.376076 0.0776553 0.547594 -0.202107 0.222859 -0.946605 -0.270104 -0.954559 -0.101517 -0.706612 -0.79273 0.147387 -0.428704 0.314658 0.452745 -0.407294 0.191103 -0.398443 -0.766595 -0.632096 -0.480434 -0.435701 0.253598 -0.473676 0.949715 -0.0583984 -0.961017 0.850201 -0.114793 0.694771 0.934943 0.0302308 0.406397 0.266277 -0.85953 -0.0400985 0.309873 0.532643 -0.712832 -0.0683259 -0.791294 -0.593583 0.726228 0.0902141 -0.86575 0.0525975 0.477563 0.608235 -0.583416 0.0384838 0.550883 0.543826 0.356042 

#4: Input
Gradient:
0
WartoϾ:
0
IloϾ Wag:
100
Wagi:
-0.82012 0.328712 0.361484 -0.174358 -0.799308 -0.208207 -0.642144 -0.72258 0.656018 -0.802836 -0.186498 -0.626953 -0.370754 -0.566731 -0.687236 -0.248814 -0.547953 0.419374 0.689987 0.78944 0.764562 -0.185003 -0.510994 0.317887 0.841948 -0.7956 -0.051222 0.77736 0.779154 0.425295 -0.193435 0.184345 0.507286 -0.793148 0.810611 0.0317259 -0.168557 -0.060671 0.910005 -0.431873 -0.818983 -0.0501455 -0.460878 -0.212812 0.624322 0.421766 -0.600699 0.28667 0.879624 0.170172 0.880761 0.570738 0.390549 0.0162965 -0.0367494 0.71325 0.601118 -0.551182 -0.544245 -0.761093 -0.219929 -0.40239 -0.657932 0.775147 0.684006 0.0864464 -0.392702 -0.0217985 -0.745365 -0.129445 0.910244 -0.641187 0.955157 -0.574625 -0.758043 0.0743661 0.626296 0.673062 -0.870774 -0.201509 -0.0987062 0.0539131 0.370515 -0.557102 0.0225759 0.524868 0.499093 -0.0676082 -0.975729 0.658291 -0.682691 0.605962 -0.28661 0.340015 0.662596 0.0409955 0.583177 0.837881 -0.289241 -0.883691 

#5: Input
Gradient:
0
WartoϾ:
0
IloϾ Wag:
100
Wagi:
-0.393479 -0.45424 -0.032324 -0.728082 0.681734 0.286251 -0.736813 -0.29887 -0.234222 0.285234 0.657872 0.149001 -0.741896 0.176272 -0.668098 -0.662596 0.235119 0.106959 -0.590772 -0.391805 -0.458606 0.871611 0.0275397 -0.0334602 0.12795 0.576539 0.687654 -0.1249 0.894217 -0.117066 0.466918 -0.102055 -0.0999621 0.456213 -0.0226955 -0.00876126 0.718812 -0.132974 0.250189 -0.824964 0.929142 0.887399 -0.412018 -0.657154 -0.452446 -0.765579 0.203542 -0.692618 0.439409 -0.940385 0.211436 -0.524928 -0.480314 0.638615 0.427268 -0.671447 -0.591071 -0.23775 -0.417819 0.272137 0.163235 0.113657 -0.431754 -0.0628239 -0.0557073 -0.254734 0.201031 0.30192 -0.678325 -0.0270612 -0.762947 0.0447632 -0.0396798 -0.239484 0.646868 -0.635087 -0.776104 0.39617 -0.148702 -0.552856 0.842427 -0.789082 -0.128907 -0.671268 0.0618072 -0.899599 -0.336546 -0.218553 0.657154 0.842785 0.756967 -0.671567 0.671866 -0.905639 0.892482 -0.151094 0.34456 0.00636911 -0.773114 -0.949535 

