#0: Input
Gradient:
0.621
WartoϾ:
0.841916
IloϾ Wag:
100
Wagi:
0.17723 -0.347602 0.704398 -0.06705 1.5321 -1.96211 -1.32162 0.229163 -0.897932 -0.987141 -0.56112 0.124311 -1.02259 0.729581 0.0328156 1.94995 1.54182 -0.833013 -0.451061 -1.48229 0.872575 0.474829 0.363753 0.390254 1.22346 0.0878915 0.727405 1.276 -0.249671 0.0942692 0.86415 -0.196057 0.565698 0.310317 2.12109 -1.28727 1.05977 1.1189 2.54579 -0.172404 -2.83241 -1.92347 0.495091 -1.51004 -1.23226 -0.599217 0.980398 1.49645 -0.519755 1.12558 0.294688 0.692987 0.61439 -0.815152 -1.01993 1.60485 1.0177 -0.158256 -0.481587 0.490307 -0.360449 -1.19544 -1.02432 -1.55712 -1.75531 -0.744668 -1.42185 -4.37703 -4.13342 -1.21902 0.853904 1.57469 0.30949 0.896945 0.898099 0.94733 -1.57417 1.2698 1.54391 2.16332 -1.68528 0.6628 -1.86543 -0.129331 -0.541883 1.88099 0.740002 0.27835 -0.409368 1.35598 0.656244 1.70981 0.794406 0.906896 -0.781794 0.817992 -0.244064 1.00835 2.38791 -1.19166 

#1: Input
Gradient:
0.552691
WartoϾ:
0
IloϾ Wag:
100
Wagi:
1.32286 -0.260017 0.734994 0.129553 0.235496 -1.7055 -0.772888 0.559775 -0.783483 -0.602835 -0.853939 1.09074 -1.68433 -1.14852 1.29368 -0.823945 -0.367429 0.997742 -0.521864 0.599374 0.771324 1.85377 -0.0239255 0.436623 -0.274753 -0.800891 0.740646 0.657295 2.21624 2.45639 0.508955 2.38285 0.733787 0.343388 -1.65122 1.38644 1.9938 -0.834726 2.21563 0.537536 -0.727453 -1.77632 3.63652 1.46763 -1.03104 -0.232855 -0.671286 -0.221586 1.13774 3.42915 1.71562 -0.882829 1.82123 -2.78096 -0.893977 -3.29164 -2.25079 -1.53984 1.96819 -0.427248 -0.585801 1.12539 0.771087 3.25264 3.39902 -0.934669 -1.75371 -1.18217 2.98909 0.578927 1.38723 1.58435 -0.551688 2.45951 -2.21259 0.044889 1.18992 0.167744 -1.7051 0.0156472 1.82464 -0.210152 2.61356 3.17587 0.132254 -0.0139723 -1.63322 2.96978 -1.38537 -0.00512737 1.57878 -0.680733 1.13232 0.551332 -0.922012 -0.341162 -0.421239 1.49583 1.54899 0.826555 

#2: Input
Gradient:
0.356165
WartoϾ:
0.291313
IloϾ Wag:
100
Wagi:
-1.04415 2.49244 -0.426367 -0.72442 -0.949366 -0.613286 -0.577365 0.185533 1.41184 2.29903 -0.198849 0.0598729 -1.40466 0.581602 1.56559 0.177927 2.82321 -1.50624 -0.696669 -1.70848 0.447832 -1.71838 -2.01556 -2.55759 -0.432604 -0.100825 -0.270424 -0.647876 -2.17342 -0.380269 -0.916417 0.663391 0.0526619 0.196532 1.22309 -0.986528 0.029346 -2.31866 -0.796045 4.34966 -0.652254 1.22424 1.18366 -0.282462 0.0209827 -0.867264 0.809909 0.551507 -1.0962 -1.95917 -1.24931 -1.31792 -3.5174 -0.682272 -0.61349 -0.357716 -1.84399 -0.125575 0.837563 0.421832 0.843148 2.2554 -0.770587 0.0816993 -2.43905 0.692237 -0.513197 -0.876393 1.29767 -0.607168 -0.25317 -0.250023 -0.971337 0.602738 0.942253 -1.81968 0.507454 -0.860064 3.17921 -0.310549 -1.42839 -2.98496 0.472593 2.40547 -1.23875 -1.43269 2.31705 1.10586 -0.686126 0.667507 1.67019 -1.47541 -1.76072 -0.341411 -2.00547 -2.08194 0.465968 1.73592 1.82205 0.979324 

#3: Input
Gradient:
0.33299
WartoϾ:
-0.479087
IloϾ Wag:
100
Wagi:
-0.935663 -0.570601 1.26681 -0.0760202 1.49163 -0.909038 0.0936728 1.45413 -3.95073 -1.06631 -0.290149 2.4217 -0.263143 -1.03022 0.0639058 -3.68056 -0.0151653 1.61269 1.61691 -0.249633 2.87986 0.42383 -0.451236 -1.5959 1.00133 -0.607519 -0.134226 0.915696 1.29182 -2.99167 0.991647 1.74838 3.71176 -0.747923 -1.72418 0.215309 -0.155313 1.44472 -0.576872 -1.16985 -1.5716 -0.236431 -0.486878 -0.730852 -0.566507 -0.756401 -0.479689 0.981011 -3.60635 -2.03528 -0.204291 -0.554767 0.838088 0.273101 -1.12801 2.73273 -1.94131 0.502583 0.827568 0.333506 -0.813664 3.08865 -0.98623 0.730139 -0.726535 -1.22722 -0.615865 -1.65708 3.25823 -1.96435 0.79182 2.07911 0.530992 -1.0567 -0.576213 0.880528 -0.918588 -0.277005 -1.53781 1.87205 -2.23597 -1.28369 -0.411277 2.15091 -0.132763 -1.49643 -0.778245 -1.14979 1.1121 0.603929 -0.0562587 0.227884 0.189706 -0.553065 -0.281802 -3.1719 0.575751 -2.35878 -0.220789 -2.10874 

#4: Input
Gradient:
0.671513
WartoϾ:
-0.445
IloϾ Wag:
100
Wagi:
0.623388 0.215276 0.34931 -2.16809 0.221563 -2.17136 -1.94777 -0.762478 -0.956879 -3.86627 1.05701 -1.94355 1.6346 -1.98754 -2.0846 2.25637 -0.37288 -1.70475 1.98242 1.00551 -0.463776 0.4823 -2.02333 -1.2838 -0.403741 -1.29032 1.20633 -1.49749 1.05831 -1.36977 -1.47755 0.119415 0.0297216 0.0957564 1.46561 -0.132703 0.513372 -0.710424 1.33952 -0.0345233 1.34961 -0.427294 -1.78394 1.6383 0.3496 -0.489514 -2.02216 0.197513 -0.557415 -0.57018 1.55322 1.24839 -0.0398942 -2.70852 -0.443556 -3.78852 0.859465 -0.380642 0.154157 0.907876 3.2612 -0.449597 1.46381 0.520577 2.15981 -0.708406 3.76917 0.907504 -0.544789 -0.874419 -1.6914 -0.743045 1.47922 0.0757004 -0.732389 0.134187 0.302312 -2.73953 1.42134 1.18326 0.433711 -3.07901 -0.5803 -2.65515 2.83992 0.773253 0.562558 2.80506 -0.794465 -0.461213 0.751147 -0.685867 1.46601 1.4401 -0.601089 -0.583296 2.47346 -1.53406 0.253436 1.03025 

#5: Input
Gradient:
-0.787128
WartoϾ:
-0.49109
IloϾ Wag:
100
Wagi:
2.151 1.61359 1.89157 -0.0684033 -2.27775 -3.32345 -0.243211 -2.18934 2.05191 0.0245041 -0.414275 0.723814 -2.48046 2.06666 0.524715 -0.623242 2.00065 -0.538041 -0.209936 0.0745705 -0.477829 1.6584 0.540959 1.64201 -1.77522 2.68139 0.848673 -1.30972 3.3661 0.625467 -0.75903 1.19819 -1.12474 -2.67062 -0.106115 -0.374863 -1.20781 0.328376 -0.598913 -1.7627 -0.327531 0.59009 0.197355 -2.81247 -2.19741 1.7305 1.02816 -0.165225 0.768855 -1.42766 -2.9057 2.55209 1.87903 3.09162 -2.68926 2.29207 0.614869 0.0670336 -1.84571 -1.57209 0.410038 -1.19809 1.07276 1.70176 0.276897 -2.63131 0.639969 1.35506 0.837851 -1.14145 -1.64376 -0.732798 -0.866035 0.889354 0.699586 -1.57199 -2.17491 -0.152438 -2.05751 1.99756 -3.17259 2.84466 0.63073 -0.131263 -1.04002 -0.49675 0.893866 -1.1299 1.05346 -1.84469 -0.747763 -1.22868 -2.25104 0.653951 -0.887382 2.76009 -0.384109 1.43895 -1.16958 0.53564 

